name: kimbowest
channels:
  - conda-forge
  - defaults
dependencies:
  - bzip2=1.0.8=hcfcfb64_5
  - ca-certificates=2023.11.17=h56e8100_0
  - libffi=3.4.2=h8ffe710_5
  - libsqlite=3.44.1=hcfcfb64_0
  - libzlib=1.2.13=hcfcfb64_5
  - openssl=3.1.4=hcfcfb64_0
  - pip=23.3.1=pyhd8ed1ab_0
  - python=3.8.18=h4de0772_0_cpython
  - setuptools=68.2.2=pyhd8ed1ab_0
  - tk=8.6.13=h5226925_1
  - ucrt=10.0.22621.0=h57928b3_0
  - vc=14.3=h64f974e_17
  - vc14_runtime=14.36.32532=hdcecf7f_17
  - vs2015_runtime=14.36.32532=h05e6639_17
  - wheel=0.41.3=pyhd8ed1ab_0
  - xz=5.2.6=h8d14728_0
prefix: C:\Users\Home\miniconda3\envs\kimbowest
